_	000	010	020	030	040	100	110	120	130	140	200	210	220	230	240	001	011	021	031	041	101	111	121	131	141	201	211	221	231	241
000	151.5	141.0	175.5	360.8333333333333	169.25	165.88888888888889	302.0	126.16666666666667	240.4	220.0	288.75	166.0	197.83333333333334	234.66666666666666	151.0	0	0	0	0	0	0	0	0	0	0	0	0	0	0	0
010	201.0	288.5	248.6	229.0	155.0	340.2	176.6	171.0	214.25	327.22222222222223	154.16666666666666	209.11111111111111	283.0	203.375	221.66666666666666	0	0	0	0	0	0	0	0	0	0	0	0	0	0	0
020	180.83333333333334	255.5	260.3333333333333	148.5	123.375	277.5833333333333	179.66666666666666	144.66666666666666	202.75	179.0	142.0	204.33333333333334	332.3333333333333	164.5	214.875	0	0	0	0	0	0	0	0	0	0	0	0	0	0	0
030	207.75	190.6	238.83333333333334	193.7777777777778	155.5	163.4	196.44444444444446	379.0	180.0	220.0	136.75	268.6666666666667	167.33333333333331	182.8	205.16666666666666	0	0	0	0	0	0	0	0	0	0	0	0	0	0	0
040	234.16666666666666	164.0	289.8	192.125	196.75	168.4	263.6	228.0	203.8	220.83333333333334	576.0	127.0	322.5	239.57142857142858	190.1	0	0	0	0	0	0	0	0	0	0	0	0	0	0	0
100	190.25	246.0	254.0	152.5	152.6	240.83333333333334	254.25	168.6	318.42857142857144	201.5	155.875	221.6	122.66666666666667	206.33333333333334	188.2222222222222	0	0	0	0	0	0	0	0	0	0	0	0	0	0	0
110	252.16666666666666	172.6	187.88888888888889	290.0	205.0	285.0	179.16666666666666	193.77777777777774	194.33333333333334	310.8333333333333	179.83333333333334	159.66666666666666	235.16666666666666	163.55555555555557	189.2	0	0	0	0	0	0	0	0	0	0	0	0	0	0	0
120	137.16666666666666	230.8888888888889	143.88888888888889	165.75	280.5	225.5	312.625	264.7	143.66666666666666	233.33333333333334	149.6	186.88888888888889	199.0	181.66666666666666	283.57142857142856	0	0	0	0	0	0	0	0	0	0	0	0	0	0	0
130	206.33333333333334	269.0	134.0	241.0	317.5	240.6	171.0	110.375	156.0	181.0	264.0	283.44444444444446	278.4	205.33333333333334	222.0	0	0	0	0	0	0	0	0	0	0	0	0	0	0	0
140	178.0	181.0	168.5	137.6	197.0	184.25	331.0833333333333	206.33333333333334	170.375	303.6666666666667	169.375	181.41666666666666	222.33333333333334	167.0	235.0	0	0	0	0	0	0	0	0	0	0	0	0	0	0	0
200	133.16666666666669	174.33333333333334	252.33333333333334	325.0	315.125	131.5	221.4	157.83333333333334	208.0	166.33333333333334	186.0	350.0	187.0	216.58333333333334	202.5	0	0	0	0	0	0	0	0	0	0	0	0	0	0	0
210	183.2	291.16666666666663	154.0	331.1666666666667	173.5	215.75	186.0	192.25	253.0	198.66666666666666	200.875	759.0	249.5	209.4	445.1666666666667	0	0	0	0	0	0	0	0	0	0	0	0	0	0	0
220	276.1111111111111	199.5	207.66666666666666	162.58333333333334	198.66666666666666	222.875	229.5	296.41666666666663	302.14285714285717	204.0	137.33333333333334	238.25	255.5	248.08333333333331	246.66666666666666	0	0	0	0	0	0	0	0	0	0	0	0	0	0	0
230	235.5	253.8	204.08333333333334	229.66666666666666	257.5833333333333	238.83333333333334	233.75	286.125	141.5	233.8	299.25	218.0	262.25	259.0	274.55555555555554	0	0	0	0	0	0	0	0	0	0	0	0	0	0	0
240	305.5	262.75	221.5	298.1666666666667	342.75	271.5	197.28571428571428	197.6	139.25	200.75	217.6	299.25	190.8	181.75	218.25	0	0	0	0	0	0	0	0	0	0	0	0	0	0	0
001	0	0	0	0	0	0	0	0	0	0	0	0	0	0	0	151.5	141.0	175.5	360.8333333333333	169.25	165.88888888888889	302.0	126.16666666666667	240.4	220.0	288.75	166.0	197.83333333333334	234.66666666666666	151.0
011	0	0	0	0	0	0	0	0	0	0	0	0	0	0	0	201.0	288.5	248.6	229.0	155.0	340.2	176.6	171.0	214.25	327.22222222222223	154.16666666666666	209.11111111111111	283.0	203.375	221.66666666666666
021	0	0	0	0	0	0	0	0	0	0	0	0	0	0	0	180.83333333333334	255.5	260.3333333333333	148.5	123.375	277.5833333333333	179.66666666666666	144.66666666666666	202.75	179.0	142.0	204.33333333333334	332.3333333333333	164.5	214.875
031	0	0	0	0	0	0	0	0	0	0	0	0	0	0	0	207.75	190.6	238.83333333333334	193.7777777777778	155.5	163.4	196.44444444444446	379.0	180.0	220.0	136.75	268.6666666666667	167.33333333333331	182.8	205.16666666666666
041	0	0	0	0	0	0	0	0	0	0	0	0	0	0	0	234.16666666666666	164.0	289.8	192.125	196.75	168.4	263.6	228.0	203.8	220.83333333333334	576.0	127.0	322.5	239.57142857142858	190.1
101	0	0	0	0	0	0	0	0	0	0	0	0	0	0	0	190.25	246.0	254.0	152.5	152.6	240.83333333333334	254.25	168.6	318.42857142857144	201.5	155.875	221.6	122.66666666666667	206.33333333333334	188.2222222222222
111	0	0	0	0	0	0	0	0	0	0	0	0	0	0	0	252.16666666666666	172.6	187.88888888888889	290.0	205.0	285.0	179.16666666666666	193.77777777777774	194.33333333333334	310.8333333333333	179.83333333333334	159.66666666666666	235.16666666666666	163.55555555555557	189.2
121	0	0	0	0	0	0	0	0	0	0	0	0	0	0	0	137.16666666666666	230.8888888888889	143.88888888888889	165.75	280.5	225.5	312.625	264.7	143.66666666666666	233.33333333333334	149.6	186.88888888888889	199.0	181.66666666666666	283.57142857142856
131	0	0	0	0	0	0	0	0	0	0	0	0	0	0	0	206.33333333333334	269.0	134.0	241.0	317.5	240.6	171.0	110.375	156.0	181.0	264.0	283.44444444444446	278.4	205.33333333333334	222.0
141	0	0	0	0	0	0	0	0	0	0	0	0	0	0	0	178.0	181.0	168.5	137.6	197.0	184.25	331.0833333333333	206.33333333333334	170.375	303.6666666666667	169.375	181.41666666666666	222.33333333333334	167.0	235.0
201	0	0	0	0	0	0	0	0	0	0	0	0	0	0	0	133.16666666666669	174.33333333333334	252.33333333333334	325.0	315.125	131.5	221.4	157.83333333333334	208.0	166.33333333333334	186.0	350.0	187.0	216.58333333333334	202.5
211	0	0	0	0	0	0	0	0	0	0	0	0	0	0	0	183.2	291.16666666666663	154.0	331.1666666666667	173.5	215.75	186.0	192.25	253.0	198.66666666666666	200.875	759.0	249.5	209.4	445.1666666666667
221	0	0	0	0	0	0	0	0	0	0	0	0	0	0	0	276.1111111111111	199.5	207.66666666666666	162.58333333333334	198.66666666666666	222.875	229.5	296.41666666666663	302.14285714285717	204.0	137.33333333333334	238.25	255.5	248.08333333333331	246.66666666666666
231	0	0	0	0	0	0	0	0	0	0	0	0	0	0	0	235.5	253.8	204.08333333333334	229.66666666666666	257.5833333333333	238.83333333333334	233.75	286.125	141.5	233.8	299.25	218.0	262.25	259.0	274.55555555555554
241	0	0	0	0	0	0	0	0	0	0	0	0	0	0	0	305.5	262.75	221.5	298.1666666666667	342.75	271.5	197.28571428571428	197.6	139.25	200.75	217.6	299.25	190.8	181.75	218.25
