_	z	x	c	v	b	a	s	d	f	g	q	w	e	r	t	_
z	161.75,4	187,1	165.8,5	207.5,1	269.75,2	207,3	297.75,4	137.16666666666666,3	206.33333333333334,1	177,2	133.16666666666669,2	164.5,4	364.3333333333333,1	364.5,2	346.3333333333333,3	343,1
x	132,1	330,3	246,1	184.66666666666666,3	199,1	287,3	187,4	248.83333333333334,2	150,1	181,1	137,2	291.16666666666663,2	199.5,2	287.5,4	194.5,2	119.33333333333333,2
c	187.66666666666666,3	248.6,5	189,1	258.5,1	328.75,4	254,1	211.83333333333331,2	152.66666666666666,1	107,1	168.5,1	266.2,5	145,1	223.5,2	302.25,1	221.5,2	214.25,4
v	390.25,4	344,1	148.5,1	190.33333333333334,1	206.5,3	126.75,2	250.6,5	165.75,2	294.6666666666667,3	117,3	361,1	304.25,4	132.75,1	222.5,2	266.5,1	201.66666666666666,3
b	182,2	212,1	121.75,1	196,1	180.5,1	152.6,5	183.66666666666666,3	166.5,2	170.5,1	172.5,2	388.4,5	158.2,5	225.25,4	272.16666666666663,2	342.75,1	340,1
a	356.6666666666667,1	214.75,4	269.75,1	178.25,4	168.4,5	221.2,5	285,1	321.5,1	171,3	212.75,1	155.25,2	214,2	311.75,1	245.8,5	271.5,4	147.66666666666666,3
s	159,2	175,3	159.5,2	201.33333333333334,1	165.66666666666666,3	254.25,1	174.25,2	290.5,1	147.5,2	343.16666666666663,2	246.66666666666666,3	168,3	276.5,2	251.5,1	174.4,5	122,3
d	157.5,1	177,2	174,1	413,4	228,1	165.66666666666666,3	210.66666666666666,2	401.75,2	128.75,1	192,2	169.4,5	134.5,1	336.8333333333333,2	257.5,1	204.75,4	222,4
f	193.33333333333334,3	175.5,1	190.5,1	196,4	164.5,4	375.6,5	157.5,2	136,2	125,2	201.75,1	236.5,4	268.3333333333333,3	328,5	129.5,2	102.5,1	223.25,4
g	273.5,2	143.66666666666666,1	179,1	220,1	254.5,4	208,1	331.25,4	222,1	159.5,2	295.5,2	196,1	216,2	204,3	236.25,4	206.5,2	183.33333333333334,1
q	176.5,1	180.75,2	147,2	183.5,1	805,2	158.75,2	178.8,5	149.66666666666666,3	340.5,2	177.5,3	190,2	251.75,2	154,1	290.75,1	162,3	333.5,1
w	136,1	193.16666666666669,2	196,1	240.4,5	186,1	197,3	152.5,2	173.66666666666666,1	251.16666666666669,2	203.25,1	352,3	759,1	261.6666666666667,3	218,4	393.5,1	195.75,1
e	200.75,4	227.8,5	428.5,2	209.66666666666666,1	236,1	152.33333333333334,1	315.5,1	199.5,4	324.6666666666667,3	250.5,2	200.5,2	129.5,1	280,3	295.5,1	168.66666666666666,3	189.25,2
r	260.75,4	212.75,1	105,1	188.5,2	256,5	253.66666666666669,2	203.33333333333334,2	195,5	286,1	156,1	233.66666666666669,2	209.4,5	344.66666666666663,2	283.6,5	183.5,1	145.66666666666666,1
t	184,1	151,1	205.75,1	339.5,1	233.16666666666666,3	166.66666666666666,1	191.5,4	168.6,5	222,1	198.6,5	195,4	307.75,4	285.5,2	270.8333333333333,2	144.5,1	136.5,1
_	156.66666666666666,3	236.33333333333331,2	146,3	243.66666666666666,3	196,5	241.4,5	147,3	197.83333333333331,2	150.75,1	166.83333333333334,3	168,1	274.3333333333333,1	352,3	313,5	211.25,4	262.3333333333333,1